202312020600   17.61    0.03   83.55
202312021200   17.01    0.01   90.45
202312021800   17.26    0.01   92.54
202312030000   18.24    0.03   92.88
202312030600   18.48    0.05   85.48
202312031200   18.22    0.33   89.00
202312031800   18.37    2.19   93.77
202312040000   18.56   22.31   95.89
202312040600   18.89    5.30   94.05
202312041200   17.72    2.36   97.56
202312041800   17.39    4.46   97.68
202312050000   17.90    0.20   96.16
202312050600   19.03    0.00   88.02
202312051200   19.51    0.98   89.11
202312051800   19.74    1.02   89.62
202312060000   20.32    1.78   89.14
202312060600   20.18    5.16   90.61
202312061200   18.62    1.61   90.70
202312061800   16.76    0.48   83.55
202312070000   15.44    0.03   76.04
202312070600   17.11    0.02   62.42
202312071200   15.68    0.00   70.64
202312071800   14.21    0.00   76.28
202312080000   16.96    0.00   69.15
202312080600   22.20    0.00   56.11
202312081200   17.66    0.00   78.80
202312081800   17.50    0.02   81.16
202312090000   19.23    0.03   76.50
202312090600   20.95    0.02   69.66
202312091200   19.80    0.00   83.33
202312091800   19.59    0.03   85.10
202312100000   20.12    0.19   86.05
202312100600   20.39    0.80   87.14
202312101200   18.63    0.78   92.66
202312101800   18.29    0.41   89.16
202312110000   18.67    2.67   88.29
202312110600   18.28    6.58   92.87
