202312010600   16.40    0.48   86.51
202312011200   15.42    0.12   86.80
202312011800   15.33    0.64   89.30
202312020000   16.36    0.05   88.76
202312020600   18.07    0.03   86.04
202312021200   17.50    0.06   91.39
202312021800   17.61    0.02   93.70
202312030000   17.90    0.04   92.62
202312030600   19.19    0.06   84.51
202312031200   18.69    0.35   91.66
202312031800   18.39    3.02   93.96
202312040000   18.54   15.28   96.32
202312040600   19.32    0.12   93.45
202312041200   17.96    2.34   94.96
202312041800   18.08    0.73   95.60
202312050000   18.49    1.78   94.27
202312050600   18.73    1.16   90.48
202312051200   18.12    0.23   88.88
202312051800   18.09    0.20   85.72
202312060000   19.01    1.66   86.92
202312060600   19.39    1.06   88.23
202312061200   18.42    0.75   89.04
202312061800   17.37    0.31   84.98
202312070000   17.03    0.08   80.18
202312070600   18.90    0.00   60.34
202312071200   15.20    0.00   69.59
202312071800   14.56    0.00   67.22
202312080000   17.12    0.00   63.28
202312080600   21.93    5.66   54.11
202312081800   18.31    0.00   76.40
202312090000   19.30    0.05   74.67
202312090600   20.00    0.12   78.15
202312091200   18.98    0.86   88.49
202312091800   18.71    0.66   92.13
