202312101200   22.81    0.00   86.71
202312101800   20.97    0.00   91.02
202312110000   21.20    0.00   87.13
202312110600   29.15    0.00   58.16
202312111200   23.34    0.01   86.70
202312111800   21.82    2.31   90.49
202312120000   20.07    0.23   87.94
202312120600   18.81    0.11   85.44
202312121200   18.34    0.04   86.44
202312121800   17.86    0.01   87.13
202312130000   18.56    0.01   87.12
202312130600   20.06    0.00   80.42
202312131200   18.84    0.00   86.30
202312131800   18.97    0.08   91.32
202312140000   20.56    0.08   85.70
202312140600   24.22    0.02   69.94
202312141200   20.54    0.02   89.78
202312141800   19.33    0.00   92.35
202312150000   20.61    0.00   83.89
202312150600   24.89    0.06   67.89
202312151200   21.13    1.78   89.89
202312151800   19.96    6.69   95.62
202312160000   18.15    5.41   93.47
202312160600   16.80    5.81   93.61
202312161200   13.42    3.14   93.81
202312161800   13.22    5.16   93.89
202312170000   12.48    3.98   93.18
202312170600   12.81    5.42   92.42
202312171200   12.61    3.66   92.11
202312171800   13.04    3.81   91.14
202312180000   13.45    3.16   91.59
202312180600   13.97    2.89   91.85
202312181200   14.42    5.20   92.23
202312181800   14.76    6.02   94.56
202312190000   14.83    4.88   94.29
202312190600   14.81    3.42   92.36
202312191200   14.46    3.78   91.71
202312191800   14.62    5.34   92.95
