202311300600   19.54    0.38   83.59
202311301200   18.34    0.16   88.60
202311301800   17.88    0.27   90.12
202312010000   17.44    0.28   90.15
202312010600   17.29    0.41   85.38
202312011200   16.60    0.92   88.12
202312011800   16.46   12.92   91.12
202312020000   16.48   12.73   93.36
202312020600   18.25    0.07   87.50
202312021200   18.11    0.17   91.72
202312021800   18.18    1.53   92.97
202312030000   18.58    0.03   91.37
202312030600   19.68    0.06   83.88
202312031200   17.80    0.62   88.40
202312031800   18.10    4.48   90.45
202312040600   18.75    3.23   93.17
202312041200   18.52    2.16   93.57
202312041800   18.52    0.97   93.87
202312050000   18.31    0.42   90.09
202312050600   18.19    2.12   82.25
202312050600   18.17    0.23   84.06
202312051200   16.89    0.19   83.81
202312051800   17.10    0.08   81.62
202312060000   18.07    0.41   81.10
202312060600   18.08    2.61   83.90
202312061200   17.13   10.42   93.74
202312061800   17.17   18.84   97.40
202312070000   16.59    1.69   94.58
202312070600   16.76    0.70   81.03
202312071200   15.53    0.00   77.61
202312071800   13.40    0.00   68.49
202312080000   15.56    0.00   63.47
202312080600   17.78    0.00   54.02
202312081200   13.73    0.00   68.74
202312081800   14.02    0.00   68.79
